
1 7653.606175
1 7653.606175
1 7653.606175
1 7653.606175
1 7653.606175
1 7703.98798
1 7653.606175
1 7653.606175
1 7653.606175
1 7653.606175
1 7703.98798
2 7653.606175
2 7653.606175
2 7653.606175
2 7653.606175
2 7703.98798
2 7703.98798
2 7653.606175
2 7653.606175
2 7703.98798
2 7703.98798
2 7703.98798
3 7703.98798
3 7703.98798
3 7703.98798
3 7653.606175
3 7590.839413
3 8252.237836
3 7653.606175
3 7703.98798
3 7703.98798
3 7703.98798
3 7703.98798
4 7703.98798
4 7703.98798
4 8252.237836
4 8252.237836
4 7703.98798
4 7619.742363
4 7703.98798
4 8252.237836
4 7703.98798
4 8252.237836
4 7703.98798
5 6820.122142
5 6807.548319
5 8252.237836
5 8252.237836
5 8252.237836
5 7912.162263
5 8252.237836
5 8252.237836
5 8252.237836
5 8316.249325
5 7703.98798
6 8252.237836
6 8252.237836
6 8252.237836
6 8252.237836
6 8252.237836
6 8316.249325
6 8316.249325
6 8316.249325
6 8316.249325
6 8316.249325
6 7703.98798
7 8316.249325
7 8316.249325
7 8316.249325
7 8316.249325
7 8316.249325
7 8316.249325
7 8316.249325
7 8316.249325
7 8316.249325
7 8316.249325
7 7703.98798
8 7532.335749
8 8316.249325
8 8316.249325
8 8316.249325
8 8316.249325
8 8320.454621
8 8316.249325
8 8316.249325
8 7934.637441
8 8316.249325
8 7703.98798
9 8316.249325
9 8316.249325
9 8320.454621
9 8316.249325
9 8316.249325
9 8316.249325
9 8316.249325
9 8316.249325
9 8316.249325
9 8320.454621
9 7703.98798