
0 8374.665525
0 3228.903018
0 3461.184131
0 6848.69847
0 2632.930334
0 4328.222476
0 4693.368484
0 3922.676481
0 5788.678474
0 3889.015172
0 8374.665525
1 6848.69847
1 8374.665525
1 6848.69847
1 5788.678474
1 8614.151597
1 7243.214685
1 3889.015172
1 8374.665525
1 4693.368484
1 8374.665525
1 8374.665525
2 8542.003683
2 8421.881188
2 8577.590072
2 8314.322927
2 8614.151597
2 8614.151597
2 8538.725325
2 8024.590933
2 7784.827736
2 8582.80331
2 8374.665525
3 8503.186204
3 8587.064822
3 8582.80331
3 8614.151597
3 8614.151597
3 8614.151597
3 8614.151597
3 8582.80331
3 8614.151597
3 8614.151597
3 8374.665525
4 8614.151597
4 8614.151597
4 8614.151597
4 8539.308258
4 8614.151597
4 8614.151597
4 8604.271249
4 8516.918412
4 8614.151597
4 8614.151597
4 8374.665525
5 8614.151597
5 8614.151597
5 8614.151597
5 8614.151597
5 8614.151597
5 8614.151597
5 8614.151597
5 8509.128544
5 8614.151597
5 8614.151597
5 8374.665525
6 8614.151597
6 8614.151597
6 8614.151597
6 8614.151597
6 8614.151597
6 8614.151597
6 8614.151597
6 8614.151597
6 8614.151597
6 8614.151597
6 8374.665525
7 8614.151597
7 8614.151597
7 8614.151597
7 8614.151597
7 8614.151597
7 8614.151597
7 8614.151597
7 8614.151597
7 8614.151597
7 8614.151597
7 8374.665525
8 8614.151597
8 8614.151597
8 8614.151597
8 8614.151597
8 8614.151597
8 8614.151597
8 8614.151597
8 8614.151597
8 8614.151597
8 8614.151597
8 8374.665525
9 8614.151597
9 8614.151597
9 8614.151597
9 8614.151597
9 8614.151597
9 8614.151597
9 8614.151597
9 8614.151597
9 8614.151597
9 8614.151597
9 8374.665525