
0 5432.226107
0 987.840114
0 2887.672773
0 3468.872626
0 6490.889033
0 2668.654496
0 730.353547
0 2739.524868
0 3180.981904
0 7752.956146
0 745.610992
0 424.625429
0 142.002219
0 5763.328656
0 4345.48046
0 11322.0
1 2029.768377
1 6543.6248
1 10616.254444
1 10616.254444
1 7752.956146
1 10616.254444
1 10616.254444
1 5763.328656
1 6454.188471
1 3632.161733
1 5436.06237
1 5833.306039
1 9184.939697
1 6490.889033
1 7752.956146
1 10346.933772
1 10346.933772
1 10346.933772
1 10616.254444
1 10616.254444
1 11322.0
2 10346.933772
2 10346.933772
2 7752.956146
2 10346.933772
2 8077.259732
2 10616.254444
2 10616.254444
2 10616.254444
2 10616.254444
2 10616.254444
2 6242.284561
2 9485.595903
2 10616.254444
2 3632.161733
2 10346.933772
2 10616.254444
2 10616.254444
2 9184.939697
2 1680.004129
2 9591.346249
2 11322.0
3 10134.350197
3 10616.254444
3 10616.254444
3 10616.254444
3 10616.254444
3 10006.949309
3 11007.311837
3 10526.849533
3 10616.254444
3 10346.933772
3 10616.254444
3 10616.254444
3 10616.254444
3 10346.933772
3 10616.254444
3 10616.254444
3 10616.254444
3 10616.254444
3 10346.933772
3 10616.254444
3 11322.0
4 10117.400457
4 11069.734212
4 10616.254444
4 10616.254444
4 10616.254444
4 10616.254444
4 11162.726229
4 10734.923448
4 10616.254444
4 10616.254444
4 10616.254444
4 10616.254444
4 10616.254444
4 10616.254444
4 10616.254444
4 10663.235845
4 10616.254444
4 10616.254444
4 10616.254444
4 10616.254444
4 11322.0
5 9245.338467
5 10956.970493
5 10616.254444
5 10616.254444
5 10616.254444
5 10616.254444
5 9945.621872
5 10767.929955
5 10616.254444
5 10616.254444
5 10616.254444
5 10616.254444
5 9431.11434
5 10784.13069
5 11162.726229
5 10734.923448
5 10663.235845
5 10663.235845
5 11069.734212
5 10616.254444
5 11322.0
6 10864.374587
6 9590.830398
6 10663.235845
6 10784.13069
6 10734.923448
6 10956.970493
6 9993.028067
6 10626.98584
6 10616.254444
6 10616.254444
6 11069.734212
6 10956.970493
6 9680.352639
6 9346.903214
6 10830.858025
6 10027.523248
6 10616.254444
6 11069.734212
6 10784.13069
6 10616.254444
6 11322.0
7 10830.858025
7 10956.970493
7 11069.734212
7 10956.970493
7 10616.254444
7 10784.13069
7 10830.858025
7 10956.970493
7 9569.458994
7 10310.040505
7 10544.183204
7 10390.040684
7 10762.058362
7 9664.238448
7 9993.028067
7 10956.970493
7 10956.970493
7 10956.970493
7 10616.254444
7 10616.254444
7 11322.0
8 11069.734212
8 11069.734212
8 10956.970493
8 10045.539664
8 11069.734212
8 10956.970493
8 10822.302094
8 8518.792869
8 10956.970493
8 10830.858025
8 10956.970493
8 10956.970493
8 10956.970493
8 10830.858025
8 10956.970493
8 10956.970493
8 10956.970493
8 10956.970493
8 8995.037754
8 10677.356896
8 11322.0
9 10956.970493
9 11069.734212
9 11069.734212
9 10956.970493
9 11069.734212
9 10956.970493
9 11069.734212
9 11069.734212
9 11069.734212
9 11080.569317
9 10956.970493
9 10956.970493
9 10956.970493
9 10956.970493
9 10956.970493
9 10830.858025
9 10956.970493