
0 0.200779
0 0.433645
0 0.134415
0 0.018709
0 0.346097
0 0.358094
0 52.918626
0 10.516398
0 106.571396
0 4.819925
0 106.571396
1 164.396058
1 7.446353
1 -2.173019
1 15.888904
1 7.218805
1 9.03189
1 34.834685
1 -46.101542
1 0.0
1 172.34241
1 106.571396
2 8.342847
2 13.139857
2 22.319765
2 31.323076
2 0.975485
2 40.092334
2 46.573097
2 86.886253
2 43.625006
2 82.634553
2 86.0
3 10.683613
3 17.620839
3 118.064589
3 161.274798
3 6.014797
3 48.283589
3 91.740445
3 13.409166
3 46.176927
3 0.0
3 161.0
4 156.667182
4 120.176093
4 116.485045
4 83.529397
4 107.749162
4 66.297188
4 71.845444
4 47.829711
4 128.363618
4 144.022996
4 161.0
5 97.942732
5 90.642395
5 184.676995
5 91.859645