
0 1340.22125
0 205.34205
0 36.104167
0 36.104167
0 36.104167
0 278.482307
0 156.449247
0 645.688909
0 156.449247
0 221.02707
0 221.02707
0 352.099268
0 101.082668
0 748.616919
0 221.185439
0 710.881299
0 169.952386
0 101.082668
0 221.02707
0 1961.490489
0 1961.490489
1 1961.490489
1 1340.22125
1 221.02707
1 159.903728
1 645.688909
1 352.099268
1 278.482307
1 221.185439
1 221.02707
1 221.02707
1 36.104167
1 221.02707
1 221.02707
1 169.952386
1 36.104167
1 169.952386
1 101.082668
1 36.104167
1 36.21823
1 1961.490489
1 1961.490489
2 1961.490489
2 1720.899213
2 1269.412039
2 519.994863
2 352.099268
2 278.482307
2 221.185439
2 221.02707
2 221.008923
2 221.02707
2 221.012136
2 221.02707
2 221.008923
2 101.082668
2 1392.209866
2 261.620821
2 36.104167
2 156.449247
2 36.21823
2 1961.490489
2 1961.490489
3 1720.899213
3 1720.899213
3 1961.490489
3 1394.136696
3 202.37559
3 1496.242363
3 202.37559
3 1491.11117
3 1481.648164
3 161.742202
3 885.308251
3 1296.495318
3 202.399087
3 1491.11117
3 623.232729
3 201.333511
3 46.900549
3 202.399087
3 160.368369
3 220.364864
3 1961.0
4 1491.11117
4 1491.11117
4 1491.11117
4 1466.374618
4 1491.11117
4 1491.11117
4 1481.648164
4 1481.648164
4 1296.495318
4 885.308251
4 1627.915619
4 220.364864
4 202.399087
4 202.399087
4 202.399087
4 202.399087
4 32.308182
4 245.382984
4 160.368369
4 1491.11117
4 1961.0
5 606.621927
5 757.885107
5 1491.11117
5 1491.11117
5 1491.11117
5 1491.11117
5 1491.11117
5 1481.648164
5 1119.044986
5 1627.915619
5 1401.25428
5 189.051725
5 46.900549
5 -304.233737
5 202.399087
5 202.399087
5 202.399087
5 202.399087
5 160.368369
5 1491.11117
5 1961.0
6 1627.915619
6 606.621927
6 1491.11117
6 1627.915619
6 103.631355
6 220.364864
6 230.755431
6 84.980145
6 46.900549
6 202.399087
6 189.051725
6 1359.852795
6 1627.915619
6 -304.233737
6 1491.11117
6 202.399087
6 1491.11117
6 1491.11117
6 1491.11117
6 1491.11117
6 1627.915619
7 1627.915619
7 1627.915619
7 1627.915619
7 1631.174049
7 1491.11117
7 1491.11117
7 1491.11117
7 1491.11117
7 1637.402419
7 1101.479622
7 1627.915619
7 -20.415208
7 202.399087
7 202.399087
7 202.399087
7 46.900549
7 44.153222
7 220.364864
7 46.900549
7 1627.915619
7 1627.915619
8 1637.402419
8 1631.174049
8 1627.915619
8 1627.915619
8 1627.915619
8 1627.915619
8 1029.781227
8 220.364864
8 1491.11117
8 1491.11117
8 481.43106
8 1474.712308
8 220.364864
8 202.399087
8 202.399087
8 202.399087
8 46.900549
8 46.900549
8 44.153222
8 1637.402419
8 1627.915619
9 1637.402419
9 1637.402419
9 1437.338368
9 1627.915619
9 1627.915619
9 1627.915619
9 1627.915619
9 1314.316977
9 1491.11117
9 1474.712308
9 1029.781227
9 481.43106
9 220.364864
9 220.364864
9 -204.205655
9 202.399087
9 1272.569417