
0 5250.933949
0 4434.227878
0 3144.311648
0 3516.573093
0 3197.622249
0 3022.588826
0 4856.252547
0 4240.164767
0 4690.748926
0 8749.89097
0 8749.89097
1 8429.627543
1 8441.164693
1 8441.164693
1 8441.164693
1 8441.164693
1 8441.164693
1 8441.164693
1 8429.627543
1 8749.89097
1 8749.89097
1 8441.164693
1 8429.627543
1 4724.212494
1 4688.241541
1 8441.164693
1 4434.227878
1 10607.586522
1 4791.949057
1 3179.923525
1 5370.773323
1 8749.89097
2 10607.586522
2 8429.627543
2 8441.164693
2 8749.89097
2 4680.480179
2 8020.584346
2 7635.688638
2 8002.707169
2 8749.89097
2 8749.89097
2 8749.89097
2 8441.164693
2 3974.255206
2 4440.33241
2 8441.164693
2 8441.164693
2 8441.164693
2 8749.89097
2 7687.49835
2 8995.08935
2 8749.89097
3 8749.89097
3 8995.08935
3 4754.907034
3 8964.896298
3 8441.164693
3 10607.586522
3 8441.164693
3 8441.164693
3 8759.182636
3 8801.626509
3 8749.89097
3 8749.89097
3 8749.89097
3 10607.586522
3 10135.038837
3 5267.193245
3 8442.249452
3 8749.89097
3 6533.80151
3 10774.693152
3 8749.89097
4 9440.146588
4 8747.73884
4 8677.710442
4 9163.453848
4 8944.835333
4 9846.598694
4 8749.89097
4 8749.89097
4 8749.89097
4 10607.586522
4 10774.693152
4 10774.693152
4 10135.038837
4 8759.182636
4 10144.142124
4 8749.89097
4 9070.416106
4 8032.610955
4 9961.496158
4 10809.713591
4 8749.89097
5 10774.693152
5 10607.586522
5 9622.062434
5 9994.168314
5 10774.693152
5 10144.142124
5 9721.710885
5 10779.445911
5 10809.713591
5 10774.693152
5 10834.454813
5 10774.693152
5 8423.836281
5 9905.716454
5 8944.835333
5 9163.453848
5 11043.766312
5 9977.084086
5 9903.966058
5 10850.785425
5 8749.89097
6 10834.454813
6 10850.785425
6 10294.901899
6 9046.708915
6 10779.445911
6 11043.766312
6 10774.693152
6 9388.353781
6 10646.210119
6 9261.823011
6 9750.585167
6 8929.67327
6 9174.07218
6 10682.97636
6 9619.446448
6 10732.20458
6 9604.702914
6 10762.467053
6 11321.872182
6 10345.165481
6 8749.89097
7 11321.872182
7 10779.445911
7 10083.355094
7 8825.277874
7 10811.640434
7 10840.532917
7 10682.97636
7 10834.454813
7 10745.785848
7 9340.679653
7 11321.872182
7 11043.766312
7 10732.20458
7 10762.467053
7 10762.467053
7 10762.467053
7 10773.506297
7 10828.265718
7 9619.446448
7 11321.872182
7 8749.89097
8 10840.532917
8 11321.872182
8 10150.471112
8 9346.568823
8 10755.457468
8 10934.271817
8 11321.872182
8 11321.872182
8 11043.766312
8 11321.872182
8 11321.872182
8 11321.872182
8 10811.640434
8 11321.872182
8 9098.490014
8 10928.867266
8 11321.872182
8 11321.872182
8 11321.872182
8 11321.872182
8 8749.89097
9 11321.872182
9 11321.872182
9 9422.736157
9 11321.872182
9 10934.271817
9 11321.872182
9 11321.872182
9 11321.872182
9 11321.872182
9 10934.271817
9 11321.872182
9 11321.872182
9 11321.872182
9 11321.872182
9 11321.872182
9 11321.872182
9 11321.872182
9 11321.872182
9 11321.872182